krs
0001060577
0001007387
0001005489
0001006590
0000980939
0000913379
0000915297
0000899275
0000894451
0000892358
0000884629
0000771170
0000752037
0000749306
0000749174
0000748529
0000742589
0000740785
0000732250
0000696164
0000682973
0000657544
0000644401
0000637611
0000626144
0000608681
0000597910
0000596023
0000572997
0000560384
0000562918
0000525466
0000511080
0000504961
0000502673
0000493256
0000489771
0000479996
0000469897
0000451702
0000451442
0000412527
0000410983
0000405458
0000398081
0000397218
0000395090
0000394357
0000382149
0000372163
0000367513
0000363238
0000347590
0000330634
0000329877
0000328279
0000314716
0000310852
0000306904
0000287421
0000283922
0000279277
0000277030
0000275466
0000275133
0000269602
0000268904
0000267058
0000266765
0000266589
0000263802
0000263785
0000263510
0000260415
0000254510
0000251730
0000250524
0000244952
0000242346
0000237805
0000234840
0000232999
0000231960
0000231029
0000230579
0000230555
0000224390
0000224384
0000224292
0000221082
0000218909
0000217738
0000212657
0000212445
0000211268
0000211048
0000210997
0000210996
0000210493
0000209737
0000206656
0000201902
0000201389
0000198403
0000199944
0000199766
0000199886
0000198901
0000198793
0000198722
0000198483
0000197564
0000196140
0000195328
0000193500
0000194254
0000193837
0000192908
0000191903
0000191119
0000191104
0000189480
0000189858
0000189285
0000188534
0000187152
0000189242
0000188459
0000188086
0000187327
0000187199
0000187194
0000186168
0000185745
0000185236
0000179615
0000180961
0000180765
0000181683
0000179583
0000180383
0000179466
0000178993
0000178632
0000177510
0000175978
0000177021
0000176382
0000176147
0000175162
0000175747
0000175205
0000174195
0000173963
0000174194
0000172890
0000173843
0000173049
0000172884
0000172558
0000171797
0000170979
0000169630
0000169592
0000169521
0000168017
0000162820
0000165653
0000161994
0000165306
0000165604
0000163711
0000162967
0000159859
0000162550
0000158554
0000160434
0000159883
0000158329
0000158188
0000157204
0000157590
0000158200
0000157587
0000153934
0000148044
0000155293
0000154131
0000154550
0000154472
0000152088
0000151848
0000150153
0000149486
0000151841
0000150261
0000150736
0000150178
0000149618
0000149677
0000142762
0000142891
0000148702
0000148675
0000147432
0000142843
0000146199
0000145834
0000144869
0000144446
0000143767
0000142034
0000142687
0000143268
0000142067
0000136650
0000141520
0000141257
0000141038
0000140960
0000140985
0000139716
0000138601
0000137323
0000137751
0000132608
0000136428
0000135181
0000134688
0000134238
0000133293
0000132915
0000132639
0000128282
0000132117
0000131744
0000131447
0000131429
0000131267
0000129866
0000129411
0000125887
0000128941
0000127982
0000128119
0000127841
0000126916
0000126396
0000126781
0000126601
0000125709
0000114376
0000122732
0000122259
0000121880
0000097336
0000115183
0000116228
0000114901
0000119513
0000117882
0000114194
0000112158
0000112102
0000096735
0000082211
0000109342
0000108125
0000106794
0000107113
0000106408
0000106260
0000104183
0000102858
0000100309
0000099973
0000097338
0000096909
0000096502
0000093107
0000092715
0000092686
0000090235
0000091326
0000085177
0000087596
0000087027
0000086882
0000074605
0000086502
0000079632
0000056888
0000083515
0000082576
0000082262
0000081435
0000079647
0000065997
0000080499
0000079817
0000078357
0000078123
0000077941
0000076785
0000076030
0000075678
0000074655
0000074918
0000073542
0000073485
0000073064
0000072720
0000071899
0000069548
0000069923
0000069636
0000068478
0000065904
0000061423
0000066718
0000065332
0000062441
0000063561
0000059564
0000063956
0000057287
0000051619
0000060947
0000060686
0000061605
0000061337
0000060624
0000057121
0000058783
0000056304
0000056262
0000056744
0000055359
0000055749
0000055027
0000054061
0000053930
0000053555
0000053005
0000047740
0000050738
0000051118
0000048636
0000047439
0000041859
0000037655
0000041402
0000041916
0000041813
0000039464
0000038688
0000038475
0000038220
0000037033
0000035880
0000036462
0000032102
0000031021
0000033334
0000032246
0000032164
0000031897
0000016725
0000014693
0000029183
0000027073
0000026051
0000026036
0000025981
0000025563
0000020800
0000024786
0000023171
0000024328
0000023244
0000023347
0000021152
0000020644
0000012927
0000017795
0000017484
0000016111
0000017250
0000016748
0000011091
0000016219
0000014606
0000015990
0000013073
0000011836
0000011826
0000011731
0000011375
0000011347
0000011330
0000010784
0000010365
0000010235
0000010740
0000005346
0000006969
0000006346
0000006022
0000005774
0000005530
0000125168

